
["Saturninus the Indefatigable", 2, 4, 4, 2, 3, 1, 4, 4, 2, 2, 5, 1, 4, 4, 3, 1, 5, 1, 2, 5, 5, 1, 4, 5, 4, 4, 4, 3, 4, 4, 5, 2, 3, 2, 4, 3]
["Kai the Ornery", 5, 4, 1, 1, 5, 3, 5, 1, 3, 4, 2, 5, 5, 5, 4, 2, 5, 4, 3, 5, 1, 3, 5, 5, 5, 3, 3, 4, 1, 3, 5, 5, 1, 2, 4, 4]
["Rambert the Dynamic", 2, 4, 1, 2, 1, 1, 5, 4, 5, 2, 3, 3, 3, 2, 3, 2, 2, 4, 4, 2, 3, 4, 5, 3, 4, 2, 5, 5, 2, 3, 4, 2, 1, 3, 5, 1]

["Decimus the Ardent", 3, 5, 3, 4, 1, 1, 1, 5, 5, 4, 1, 5, 3, 1, 3, 4, 4, 2, 2, 5, 5, 2, 2, 1, 3, 2, 3, 1, 3, 5, 2, 5, 2, 4, 5, 1]
["Garth the Idealistic", 3, 1, 2, 5, 2, 4, 5, 5, 2, 1, 2, 4, 2, 1, 2, 1, 5, 4, 5, 5, 3, 3, 4, 2, 4, 2, 2, 2, 3, 1, 4, 4, 5, 2, 4, 1]
["Antonius the Foolish", 4, 1, 5, 2, 3, 2, 5, 2, 3, 4, 5, 2, 5, 1, 4, 4, 4, 1, 2, 2, 5, 4, 2, 2, 4, 1, 2, 3, 1, 2, 1, 5, 4, 5, 5, 1]

["Vikingr the Hunter", 5, 5, 1, 5, 2, 2, 5, 5, 3, 4, 1, 5, 4, 5, 1, 1, 4, 5, 2, 2, 3, 3, 4, 3, 2, 3, 4, 2, 1, 1, 2, 3, 2, 4, 4, 2]
["Magnuson the Awful", 1, 1, 3, 2, 3, 2, 3, 4, 5, 4, 1, 5, 2, 5, 3, 4, 2, 3, 3, 1, 2, 4, 2, 3, 4, 5, 5, 1, 3, 5, 5, 1, 4, 1, 3, 2]
["Zeno the Awful", 4, 1, 3, 4, 5, 2, 1, 4, 2, 1, 5, 2, 5, 3, 5, 1, 5, 3, 1, 2, 4, 3, 1, 1, 5, 2, 1, 4, 4, 2, 2, 5, 2, 3, 2, 3]

["Sveinn the Grinder", 5, 4, 3, 5, 2, 2, 4, 4, 4, 5, 3, 4, 1, 1, 1, 1, 3, 1, 3, 1, 2, 2, 2, 4, 5, 4, 1, 3, 1, 2, 5, 3, 3, 3, 2, 2]
["Abdullah the Lucky", 5, 4, 3, 3, 3, 2, 4, 4, 4, 4, 4, 1, 1, 2, 5, 4, 5, 2, 4, 2, 1, 3, 1, 3, 3, 1, 1, 3, 4, 5, 1, 4, 4, 1, 4, 1]
["Kathel the Eagle", 1, 4, 2, 2, 1, 2, 2, 2, 5, 3, 4, 2, 2, 3, 1, 2, 5, 1, 2, 3, 1, 5, 2, 1, 3, 1, 2, 1, 2, 1, 3, 4, 5, 4, 4, 4]

["Ludo the Adventurous", 4, 2, 2, 1, 4, 4, 3, 3, 2, 2, 4, 5, 2, 5, 5, 1, 4, 1, 2, 1, 3, 3, 5, 1, 2, 1, 4, 1, 5, 2, 5, 4, 1, 3, 2, 1]
["Ingo the Indomitable", 2, 5, 1, 2, 2, 5, 3, 2, 5, 2, 4, 2, 2, 3, 4, 4, 1, 2, 2, 3, 3, 4, 5, 4, 2, 4, 3, 4, 2, 5, 5, 1, 4, 1, 3, 4]
["Kilian the Annihilator", 5, 4, 3, 5, 2, 1, 2, 2, 2, 1, 4, 3, 5, 2, 3, 3, 5, 4, 3, 4, 1, 4, 3, 2, 2, 5, 1, 1, 3, 5, 5, 4, 2, 3, 3, 1]

["Claudius the Slasher", 2, 1, 1, 4, 5, 2, 5, 4, 2, 5, 2, 1, 3, 5, 1, 5, 1, 3, 3, 2, 5, 1, 4, 2, 4, 2, 4, 3, 2, 4, 1, 3, 4, 1, 5, 3]
["Oli the Brigand", 1, 1, 3, 3, 4, 2, 2, 4, 2, 5, 5, 2, 2, 2, 4, 1, 5, 5, 4, 2, 2, 1, 1, 3, 2, 1, 4, 4, 2, 1, 2, 5, 4, 5, 1, 1]
["Oren the Shrewd", 1, 5, 5, 5, 3, 1, 4, 3, 3, 3, 2, 3, 2, 4, 2, 1, 5, 3, 4, 4, 2, 4, 4, 1, 5, 3, 4, 2, 3, 2, 4, 1, 1, 5, 3, 4]

["Maedoc the Indestructible", 1, 4, 5, 5, 3, 2, 3, 5, 5, 5, 5, 3, 2, 4, 2, 3, 1, 2, 3, 2, 1, 3, 5, 1, 5, 1, 4, 3, 5, 4, 5, 3, 2, 5, 5, 1]
["Pantheras the Suave", 5, 3, 1, 3, 5, 3, 4, 1, 5, 2, 2, 3, 1, 3, 4, 3, 5, 3, 1, 3, 1, 2, 5, 3, 5, 1, 5, 3, 4, 3, 3, 4, 4, 1, 4, 4]
["Severus the Ripped", 1, 2, 3, 4, 1, 5, 2, 3, 3, 5, 3, 3, 5, 4, 1, 1, 4, 2, 5, 4, 3, 2, 2, 3, 5, 2, 3, 2, 4, 5, 4, 3, 4, 2, 1, 4]

["Kai the Excellent", 4, 3, 1, 2, 5, 2, 1, 4, 1, 4, 3, 2, 1, 1, 2, 3, 5, 3, 3, 4, 5, 4, 1, 5, 4, 3, 4, 5, 4, 1, 3, 4, 2, 2, 1, 4]
["Verner the Furious", 2, 5, 5, 3, 1, 2, 2, 3, 2, 2, 2, 5, 1, 5, 1, 5, 2, 3, 5, 2, 3, 1, 5, 3, 1, 1, 4, 3, 1, 2, 2, 1, 1, 2, 4, 5]
["Ludo the Vengeful", 2, 2, 1, 2, 5, 2, 5, 3, 2, 1, 3, 3, 1, 2, 3, 4, 4, 5, 1, 4, 3, 5, 2, 2, 2, 2, 3, 2, 2, 1, 3, 3, 5, 3, 4, 3]

["Tatianus the Sane", 1, 2, 1, 4, 4, 3, 4, 5, 1, 3, 4, 2, 5, 1, 3, 5, 1, 5, 1, 3, 4, 2, 4, 1, 1, 5, 4, 1, 5, 4, 4, 4, 2, 3, 4, 5]
["Petronius the Obnoxious", 4, 1, 3, 1, 3, 5, 3, 3, 4, 5, 4, 2, 1, 3, 4, 1, 5, 1, 2, 2, 1, 3, 4, 2, 4, 5, 2, 3, 1, 1, 5, 5, 1, 4, 3, 3]
["Petronius the Belligerent", 4, 2, 3, 3, 4, 5, 1, 1, 4, 3, 3, 5, 1, 4, 5, 3, 2, 3, 1, 5, 1, 3, 1, 4, 3, 4, 5, 2, 4, 4, 1, 5, 3, 4, 3, 2]

["Oren the Grand", 4, 4, 4, 4, 5, 1, 1, 1, 3, 1, 5, 4, 1, 5, 4, 1, 1, 3, 4, 3, 1, 3, 3, 4, 4, 4, 1, 3, 1, 1, 5, 1, 4, 5, 1, 4]
["Pelagios the Warrior", 4, 4, 1, 3, 2, 1, 5, 1, 4, 1, 3, 1, 3, 5, 5, 4, 3, 2, 3, 2, 5, 4, 1, 3, 3, 1, 4, 4, 3, 1, 2, 1, 4, 4, 1, 4]
["Bjorg the Young", 2, 3, 2, 1, 3, 4, 2, 1, 4, 3, 2, 4, 3, 4, 1, 1, 1, 2, 1, 1, 4, 1, 2, 2, 2, 2, 1, 2, 1, 4, 1, 1, 2, 4, 5, 2]

["Helm the Headstrong", 5, 2, 2, 1, 5, 4, 4, 4, 3, 5, 4, 1, 5, 1, 4, 1, 3, 3, 1, 2, 5, 5, 3, 1, 1, 1, 2, 4, 1, 5, 4, 3, 1, 2, 2, 5]
["Helm the Relentless", 3, 3, 4, 3, 2, 5, 3, 5, 2, 5, 5, 1, 4, 5, 1, 4, 2, 4, 4, 5, 2, 4, 5, 2, 5, 2, 3, 5, 1, 3, 2, 5, 1, 2, 2, 2]
["Pantheras the Rude", 2, 3, 2, 4, 5, 3, 5, 2, 4, 2, 5, 2, 3, 1, 2, 2, 1, 3, 4, 3, 2, 4, 2, 2, 3, 4, 4, 1, 1, 5, 3, 4, 3, 1, 5, 2]

["Knut the Rude", 2, 2, 3, 3, 2, 1, 4, 4, 2, 1, 5, 1, 2, 3, 1, 3, 1, 4, 5, 3, 4, 2, 5, 3, 1, 1, 5, 4, 3, 2, 3, 4, 1, 2, 1, 2]
["Raganhar the Unrepentant", 5, 2, 2, 3, 2, 5, 2, 2, 2, 5, 5, 2, 2, 2, 2, 2, 4, 2, 1, 4, 1, 1, 2, 2, 1, 4, 3, 1, 2, 5, 5, 4, 3, 5, 1, 2]
["Petronius the Grand", 4, 2, 4, 1, 1, 1, 1, 2, 3, 1, 4, 4, 3, 4, 3, 1, 2, 4, 4, 1, 5, 1, 5, 5, 1, 4, 1, 1, 1, 1, 2, 4, 5, 4, 3, 3]
